1 70 31 210 209 20564
2 565 42 187 194 26845
3 796 42 179 204 26496
4 1011 48 188 194 25357
5 314 55 218 178 29205
6 1217 55 197 185 22942
7 654 254 214 192 32357
8 360 256 179 182 24274
9 112 260 160 172 20324
10 942 261 232 181 23420
11 49 469 224 185 27956
12 309 472 227 173 28807
13 583 476 159 178 20509
14 976 477 192 173 22324
15 777 479 159 167 17432
16 1204 486 190 145 19044
22 982 672 203 182 25596
23 272 673 230 189 28530
24 525 673 215 191 31107
25 758 673 216 191 31589
26 1212 674 180 175 23372
27 62 684 193 156 20956
28 83 878 206 174 27654
29 338 879 215 175 29014
30 592 879 211 175 28425
31 847 879 211 175 28383
32 1116 896 183 146 18211
